55005.072917
55032.828703
55064.1146528
55088.8545486
55120.5200231
55149.2155903
55176.8256481
55202.7013889
55231.8224537
55257.9112037
55286.7413773
55316.6444329
55342.9526968
55369.9824652
55398.2774421
55428.3394097
55457.1582407
55484.5684838
55514.4012269
55539.5885417
55568.2803704
55597.3917592
55623.6729282
55650.6693403
55679.2138310
55707.5274653
55736.0882176
55763.7020833
55792.5278241
55822.2112731
55849.2606366
55876.2928935
55900.9467361
55930.9771296
55961.6381134
55986.7184954
56014.4987500
56042.9284722
56070.9777083
56098.2945255
56125.4618866
56154.6266898
56181.1939931
56211.7293981
56239.1244907
56267.6903935
56293.6759606
56323.1534838
56351.5332755
56377.5360995
56408.3147222
56434.8428009
56463.3884722
56491.1732639
56519.0907060
56547.3061458
56575.9754514
56606.0903819
56630.6279167
56659.3116435
56687.4698727
56714.7534606
56744.1936806
56770.8325000
56797.8718634
56826.8071759
56853.7140856
56882.3643056
56911.6468403
56940.1990394
56966.7313426
56995.4799769
57022.7208218
57051.3921875
57081.1501505
57104.7101042
57134.8328704
57162.4768056
57193.7204514
57218.8177778
57246.1666667
57273.1903588
57300.8533218
57330.0204051
57358.4235764
57386.3034491
57412.7280556
57440.5074421
57471.4678241
57497.9671991
57529.4997338
57554.6671644
57582.1966551
57612.1364815
57638.0870139
57669.6250000
57697.05689815
57722.30730324
57751.79717593
57776.84442130
57807.91949074
57832.6487268
57862.63821759
57891.54908565
57917.66216435
57948.9621181
57975.3682755
58000.4618634
